118702695
128745695
120786189
129190238
120089441
121362423
77225045
129575455
123170222
128166582
128294763
129525251
129486647
128792965
129686298
123285034
125857743
112970435
124275664
129625113
129335027
126055538
119290070
126639957
127597522
129179906
124901350
129194510
129595513
129201256
128147722
128197075
129518471
129346672
120633589
128463788
124543735
121037128
127982372
105589980
129101889
129268703
126212496
121827554
121827454
121827378
121827372
121823637
120784988
118418992
116967554
124328827
128860407
122340483
129525427
128362956
127875918
117843902
122485597
125303557
117964094
128374569
128478448
128478794
128477333
128478056
129604696
129604694
122532194
121543750
118554478
118397247
118027671
116735406
129073722
117217379
90569492
108164179
117320166
107075406
87601188
74922978
72527109
122329772
129701635
129701570
111665588
109574052
108296650
61575599
41619053
129483569
129203239
129201367
128919688
129671236
126300464
126025348
124606882
123914174
121016597
114748506
128735920
123434706
122988249
121923438
117082397
116663060
116530187
114755273
114754869
112621104
111646833
110373822
109088605
107115302
103308156
73279421
73164761
72887433
72811634
71509328
70432165
129243335
129242363
129240371
123488007
121923301
121760789
121452118
121062680
117748410
114167811
111115372
110239159
110237731
109537547
109012438
108551625
105471884
102589369
102376110
96790692
71090448
70474043
70473998
70473948
70432397
58458794
58458488
58458462
58458432
58458357
129301415
128438581
103830324
129306321
129699979
129474223
127148979
129694224
129668425
128290132
128290097
128290081
128289872
126112976
129397155
129373257
129303472
129243440
122807551
113598161
83753009
129696464
126944325
125761913
124944632
124942261
124628561
122486117
122085297
109307622
120467616
119831798
129651439
125856748
125856237
123293464
129624317
120097520
120097280
129559726
120643375
129506573
129531081
129467474
119394731
129452702
129443593
129441800
126221145
128871456
128405934
128315139
128180862
127918872
129073520
127655241
127530308
127479279
127108544
126441124
126120414
126064824
120644138
113458861
128923519
128849968
128596019
128348830
128277094
122115301
129332873
128342721
121742082
128750892
127707784
129309371
120698376
128461678
129251290
128395817
128063381
128450337
128707247
128603770
128874231
128966718
129212953
127308479
126172338
129072870
128874005
128554209
128554088
128252166
128139305
128137431
128058414
128057584
125384598
125384103
122064535
121827616
121821577
120851059
120809501
120792408
120787661
120751637
129073047
129072776
128471710
128923335
128899539
128163922
128867965
128867835
128766312
128637521
128607070
128284350
128029750
128024284
127283493
126693581
122816675
122357403
121545619
119956880
119956622
119790594
115696767
114980252
128768444
128552853
128552760
128552522
127861386
127767048
127322928
127229086
126536799
123263000
128237799
128717351
128493889
128384166
125244153
128276083
128276073
128176408
128146088
129252990
129635953
129635789
129068663
128872244
128872185
128872084
128870981
128870874
128870185
129488775
114875962
114874318
114859306
124329680
123678294
126139706
125802678
127708856
127601483
128457311
128402476
128274204
129445356
129444794
121673857
118418749
117987727
117638123
108585469
108585116
108341362
96204676
87715425
77066068
76991370
70547342
62117652
47318625
47318030
42363046
125521823
121109670
121109558
127561097
126113242
126112636
126112500
126112174
126110751
128019976
127787904
128794161
128771061
128771060
128104609
128104607
127968650
127430950
126135065
122745673
126335966
128021401
127597812
128599580
128566262
128732533
128731885
128837824
123244968
125378035
124007437
127681096
129461873
128327079
120378246
119691275
119071388
121209217
121141312
120297570
128134237
128077228
121367761
128498021
128225787
126754327
126549186
120715014
124561353
127097610
125527868
123718361
128654530
119180953
128861040
122671791
122265398
120999669
108261155
129211097
125684867
124475860
120132516
118419238
118044272
126909691
128854807
127258528
118754144
123214366
123213999
123213860
123214071
128334572
126339606
125376690
123969590
124639384
123501179
125048196
124223230
124524806
125105863
118145558
125073127
122131720
121369589
121369504
118145717
119627286
108560647
107808206
106820980
101045586
101045848
119753649
111178951
119342223
124280316
125373146
124892059
124623762
122242058
113865345
98967047
125369313
122612169
125073752
125484297
125074482
125725937
124280969
123015063
91895299
127552539
110964197
125290649
119421224
116379921
126467173
74096839
127361308
128511138
128129992
127975677
120242976
120242961
114921809
105660537
114192183
107157728
102704474
128975542
129260028
129084157
126031125
122756647
129542470
122391758
129472670
128088555
127828378
125283476
124810799
115476542
118496528
128233163
127723955
118496528
125478235
125046275
124036327
128489171
125478235
125046275
124036327
129482346
126188530
122193280
124165730
120398376
128115855
121028600
128306225
127758361
129399904
128839273
118322650
127067304
128636247
128749094
129072443
128922425
129457275
121765197
127520651
124544931
120545238
129583712
128646665
128646272
127396622
117629692
125824893
129452961
128321723
129346627
128374290
129452731
129194991
128723716
126599961
127086290
127037428
128583850
127655956
129356566
128658688
125915525
129534370
129402165
129401838
126910824
50416339
128490852
128810326
128636714
128623450
127583483
126165768
126106648
124187808
117026040
116530392
128478193
127349728
128284476
127693542
129123579
128468422
128945113
123843135
129095969
129082682
129003943
124496234
128472013
124747617
123930687
123891541
123484430
123484163
123483246
123473292
123473056
123473011
123283313
79290304
129196222
128871872
127554981
119991789
128583421
129095319
128774223
126692929
126692574
123192528
122249229
121151283
116218182
110366573
106058005
126729756
126415430
127539663
109860628
129151006
126956633
127492588
120458670
123297418
123297689
123298201
124062161
123147083
125148232
128498434
123779278
128649512
125848545
128708905
128397281
127147737
123774857
128363016
128287368
128285573
128285041
128284482
128284322
128283701
128278933
128273186
128269691
128267900
128267845
128291221
128291055
128281314
128277281
128267215
128261484
128256239
128256176
128255983
128287938
128284679
108839805
99799853
127454713
127454662
127982434
122542164
124851659
117725295
129466422
124544211
129702229
129702213
129530563
128235306
121827155
121827109
124982388
127147365
128766867
127892490
125189256
129586485
129565880
129564582
120230014
123474765
123354198
128734436
128734452
118419144
116748400
124910306
123138300
124484857
123940794
124794381
102308643
127908306
125491315
129273902
129273744
129265341
129265092
126031223
126031162
105589826
127831767
127831469
125438309
123473122
128644227
124544388
124544361
124544333
124544297
124544270
124544239
124544152
124544121
124544023
124543930
124543897
124543828
124544417
124544193
124544177
124544089
124544058
124543989
124543959
124543863
124543782
124543650
128279567
128033280
129119574
128285411
77225045
123170222
128166582
129179906
124901350
129595513
129201256
128147722
129518471
118418992
116967554
124328827
128860407
122340483
128362956
122485597
125303557
119831798
129651439
121673857
128104609
128104607
127968650
127430950
126135065
122745673
126335966
128837824
125378035
124007437
129461873
128327079
120378246
119691275
119071388
121209217
121141312
120297570
128134237
128077228
128498021
128225787
126754327
126549186
124561353
127097610
119180953
122671791
122265398
120999669
108261155
129211097
125684867
124475860
120132516
118419238
118044272
127258528
123214366
123213999
123213860
123214071
128334572
125376690
123969590
124639384
123501179
125048196
124223230
124524806
125105863
118145558
125073127
122131720
121369589
121369504
118145717
119627286
108560647
107808206
106820980
101045586
101045848
119753649
111178951
119342223
124280316
125373146
124892059
124623762
122242058
113865345
98967047
125369313
122612169
125073752
125484297
125074482
125725937
124280969
123015063
91895299
127552539
110964197
125290649
119421224
116379921
126467173
74096839
127361308
128511138
128129992
127975677
120242976
120242961
114921809
105660537
107157728
129260028
129084157
129472670
128088555
127828378
115476542
118496528
128233163
129482346
126188530
122193280
124165730
128115855
121028600
128306225
127758361
128839273
127067304
128636247
128749094
127520651
124544931
120545238
126599961
127086290
128583850
127655956
128658688
129402165
129401838
50416339
128490852
128478193
123843135
127554981
128583421
128774223
126692929
126692574
123192528
122249229
121151283
116218182
110366573
106058005
126729756
127539663
123297689
128498434
123779278
125848545
128363016
128287368
128285573
128285041
128284482
128284322
128283701
128278933
128273186
128269691
128267900
128267845
128291221
128291055
128281314
128277281
128267215
128287938
128284679
108839805
99799853
116748400
128279567
128033280
128285411
77225045
123170222
128166582
129179906
124901350
129595513
129201256
128147722
129518471
118418992
116967554
124328827
128860407
122340483
128362956
122485597
125303557
119831798
129651439
121673857
128104609
128104607
127968650
127430950
126135065
122745673
126335966
128837824
125378035
124007437
129461873
128327079
120378246
119691275
119071388
121209217
121141312
120297570
128134237
128077228
128498021
128225787
126754327
126549186
124561353
127097610
119180953
122671791
122265398
120999669
108261155
129211097
125684867
124475860
120132516
118419238
118044272
127258528
123214366
123213999
123213860
123214071
128334572
125376690
123969590
124639384
123501179
125048196
124223230
124524806
125105863
118145558
125073127
122131720
121369589
121369504
118145717
119627286
108560647
107808206
106820980
101045586
101045848
119753649
111178951
119342223
124280316
125373146
124892059
124623762
122242058
113865345
98967047
125369313
122612169
125073752
125484297
125074482
125725937
124280969
123015063
91895299
127552539
110964197
125290649
119421224
116379921
126467173
74096839
127361308
128511138
128129992
127975677
120242976
120242961
114921809
105660537
107157728
129260028
129084157
129472670
128088555
127828378
115476542
118496528
128233163
129482346
126188530
122193280
124165730
128115855
121028600
128306225
127758361
128839273
127067304
128636247
128749094
127520651
124544931
120545238
126599961
127086290
128583850
127655956
128658688
129402165
129401838
50416339
128490852
128478193
123843135
127554981
128583421
128774223
126692929
126692574
123192528
122249229
121151283
116218182
110366573
106058005
126729756
127539663
123297689
128498434
123779278
125848545
128363016
128287368
128285573
128285041
128284482
128284322
128283701
128278933
128273186
128269691
128267900
128267845
128291221
128291055
128281314
128277281
128267215
128287938
128284679
108839805
99799853
116748400
128279567
128033280
128285411
129151006
126956633
129078430
127393285
120129600
127492588
125634167
123297418
123298201
124062161
123147083
125148232
128708905
128397281
127147737
123774857
128261484
128256239
128255983
127982372
127454713
117725295
124794381
124851659
123940794
124484857
123138300
125491315
127831767
127908306
118419144
124910306
129273902
129273744
129265341
129265092
126031223
126031162
102308643
127831469
125438309
123473122
128644227
