129686298
128745695
124275664
129506573
126221145
120786189
126055538
128457311
126639957
127597522
114192183
127681096
121362423
125139371
129457275
128294763
129525251
128197075
129486647
128374290
123930687
127266524
124543735
128256176
127982434
123285034
125857743
112970435
129625113
129335027
120633589
128463788
121037128
129101889
105589980
129604696
118702695
129443593
128405934
127918872
127655241
127530308
127479279
126064824
120644138
128849968
128596019
128348830
129332873
129190238
129268703
121742082
129251290
128603770
127308479
126212496
126172338
128874005
128139305
128137431
128057584
122064535
121827554
121827454
121827378
121827372
121823637
121821577
120809501
120787661
120784988
120751637
128867835
128637521
128024284
122357403
121545619
120089441
119956622
128237799
128717351
125244153
128276083
128146088
129635789
128274204
96204676
47318030
127561097
128771061
128771060
128021401
127597812
128599580
128566262
128732533
128731885
120715014
125527868
123718361
129618750
118754144
102704474
121367761
125478235
124036327
119005243
120398376
129525427
129452961
127798739
125915525
129534370
128810326
128636714
127583483
124187808
128284476
129123579
129095969
129082682
123484430
117964094
109860628
124837063
128374569
120458670
128649512
127454662
129604694
128290132
128290081
120467616
125856748
125856237
123293464
129624317
120097520
120097280
129559726
120643375
129531081
129467474
119394731
129452702
129441800
128871456
128315139
128180862
129073520
127108544
126441124
126120414
113458861
128923519
128277094
122115301
128342721
128750892
127707784
129309371
120698376
128461678
128395817
128063381
128450337
128707247
128874231
128966718
129212953
129072870
128554209
128554088
128252166
128058414
125384598
125384103
121827616
120851059
120792408
129073047
129072776
128471710
128923335
128899539
128163922
128867965
128766312
128607070
128284350
128029750
127283493
126693581
122816675
119956880
119790594
115696767
114980252
128768444
128552853
128552760
128552522
127861386
127767048
127322928
127229086
126536799
123263000
128493889
128384166
128276073
128176408
129252990
129635953
129068663
128872244
128872185
128872084
128870981
128870874
128870185
129488775
119290070
114875962
114874318
114859306
124329680
123678294
126139706
125802678
127708856
127601483
128402476
129445356
129444794
118418749
117987727
117638123
108585469
108585116
108341362
87715425
77066068
76991370
70547342
62117652
47318625
42363046
125521823
121109670
121109558
126113242
126112636
126112500
126112174
126110751
128019976
127787904
128794161
129194510
128861040
126909691
128854807
126339606
128975542
126031125
122756647
129542470
122391758
125283476
124810799
127723955
127723955
128489171
125046275
118322650
123244968
74345376
129072443
128922425
121765197
129583712
128646665
128646272
127396622
117629692
125824893
128321723
129346672
129346627
129452731
129194991
128723716
127037428
129356566
126910824
128623450
126165768
126106648
117026040
116530392
127349728
127693542
128468422
128945113
129003943
124496234
128478448
128478794
128477333
128478056
128472013
124747617
123891541
123484163
123483246
123473292
123473056
123473011
123283313
79290304
129196222
128871872
119991789
129095319
126415430
127562182
127310712
127226754
126907235
126906894
128853693
128601730
128601691
128229315
127737015
125504893
125089680
122397201
121842656
121165359
121165345
120689248
110919848
126584667
116877319
116175547
121871918
128998777
124215963
127411066
126857714
128971973
128829407
129191148
120812843
128517085
122234013
128992560
128381432
128381364
115500443
126856799
119903671
125911642
107743949
128920262
103917912
126466152
99051681
99047972
128596498
128069624
60985668
109552500
119897019
114306596
86649698
128151135
119582257
128228728
127354485
126895724
126337028
123287529
122095299
121364528
120370295
119019338
118538650
118504061
118200343
117349735
117126917
117126327
116878688
115328304
114179986
113453266
110300374
102893792
81302460
80685630
63172102
126427992
128102626
126686342
116003548
115992838
121065671
119310942
94557490
129000415
129000192
128999585
128993852
127367874
125379023
111296233
123716335
127219432
126891713
128514625
125018546
121386852
121386793
120957295
120259058
120243040
124703548
75457020
122053132
123881125
121914199
122053430
126273608
129151006
121684698
126956633
127387367
128862946
127776155
127775557
127773565
125254846
129125253
129078430
127393285
124851613
59411187
128960836
127029452
127204787
81923338
125320542
96736969
123307963
123146138
120902061
119382784
119251196
117159030
117154732
115606361
113543589
112560315
108624770
108059435
107131940
103137063
100877257
89467327
89166801
88109994
125456160
125370422
122287381
128078741
128075608
127282546
127282484
126437995
126321062
125784951
125760898
125722671
125717579
122983012
94314334
128309013
86410667
128921732
128921468
128264330
128573429
128411930
128385015
127876344
127876073
127875631
127875478
127841579
127841576
127743078
124477380
128457535
128457472
128457417
128452529
128450138
128445737
128445723
128445706
128411969
128411953
119384668
124720475
128846150
124943412
123545460
123326896
122978813
117771854
110590474
126893763
120129600
56358517
128486152
128386166
128335656
128220518
127250567
127072503
126904348
126904147
126903915
125835074
125834785
125834468
124868831
118967418
118302662
118117483
115077220
112331739
112001528
106983945
59911508
61633636
103205591
101623569
101573065
96387264
95752223
93150884
85944742
84828507
61631819
56770408
56770258
56768849
128375877
128334069
103379407
126818598
128553800
120903299
120900422
120898288
120898147
120877340
126736147
127818701
126059976
124498524
91754785
90245338
128077257
123926282
127671415
127671396
127671371
126811696
128491040
116965571
116964754
116232770
128532140
128523911
128771933
128771873
128125556
124898235
124678922
128431886
128428248
128276825
128142995
128013709
126566151
125307199
124040687
122903074
125421026
125096354
125095797
124187879
123703340
128972634
128969485
128943456
128813190
128493804
127319252
127193506
126254687
123508814
123165670
122768819
120740823
68946132
128575153
128926689
120687319
127492588
81402092
109148074
107373713
114196540
129096230
127926705
128654484
122045582
126662367
128919471
128917087
90353864
129079194
123419120
125643612
115008590
104649132
123666218
123536931
128570811
123692447
128294090
126743793
121046818
127863592
127573349
129075113
128904746
128128135
128617276
69722298
127243187
127242978
128775764
128775470
127648561
127324368
127319469
124906960
89981289
111540242
127006268
116793042
119132829
127952713
111568160
121002609
50083165
93648988
126749448
128714536
128651264
128310824
128128064
127946496
127438494
127399310
127349833
127272644
126175737
125777552
123032172
122968328
121379845
128898155
128583776
128316483
128316383
127984913
125173285
123000654
89477531
128131206
128131157
121078676
121059721
126957047
126956675
126955778
128857528
124976388
124976372
123062541
123062339
128117351
128932761
128316205
98003448
127446477
127045825
118149156
127553574
125634167
123285815
122388579
122388243
120762343
123297856
124740822
124737790
128488760
123297418
89432944
127967399
127967375
127967354
127967315
127967286
127967254
127967222
127967098
126010836
123755938
123339507
122282853
121632293
121427430
121427262
121427068
119912696
119891019
123298201
128924711
128923465
128919996
128636981
128583958
128583885
128550219
128316836
128316631
128316543
127489263
123375080
117360700
109028188
104122176
45016057
124632630
123768539
98825161
55839669
110574723
129048527
108202273
128748320
128627929
128607761
128412057
128779609
128246662
122249427
122472153
122352507
128014518
128597849
95790213
128590418
103641568
125834980
127591592
127591374
126049325
124431337
111401505
128016093
127607740
124226212
127381206
127253398
121265752
112164127
118027987
103041456
121854354
128481423
128481330
85811523
56776701
53339721
53326358
123355464
123077513
122977878
126995085
125853359
122653569
119608457
125874750
120480771
128829510
92406534
123716805
123716993
124078440
124128332
124128590
122267507
128704571
128227383
128227096
128075937
127990571
124703548
129151006
127492588
124062161
123147083
125148232
128708905
128397281
127147737
123774857
128261484
128256239
128255983
127982372
127454713
129702213
128235306
122542164
121827155
117725295
124794381
124851659
123940794
124484857
123138300
125491315
129466422
127831767
124544361
124544270
124544121
124544193
124543989
124543959
124543863
129702229
129530563
121827109
124982388
127147365
128766867
127892490
125189256
129586485
129565880
129564582
120230014
123474765
123354198
128734436
128734452
127908306
118419144
124910306
129273902
129273744
129265341
129265092
126031223
126031162
102308643
105589826
120633460
127831469
125438309
123473122
128644227
124544388
124544333
124544297
124544239
124544211
124544152
124544023
124543930
124543897
124543828
124544417
124544177
124544089
124544058
124543782
124543650
129119574
